.Random.seed <-
c(403L, 10L, -113978669L, -1622353278L, 780075188L, 1772154935L, 
-633609427L, -639838140L, -1813420694L, -639708715L, 403146607L, 
-1195491722L, -1349193312L, 1687647843L, 541691649L, 1290305136L, 
-568878578L, 1371935353L, -785039861L, -752382150L, 311031356L, 
-1604919937L, 55996117L, 2092695276L, 488558658L, 1153709981L, 
-2083207657L, 727825278L, -1835738824L, 105543195L, -574892167L, 
549343688L, -2111697418L, -2028146639L, 593508963L, 816047666L, 
-704973948L, -1358179897L, 1769994397L, 897757204L, -2105030982L, 
1953257221L, 735933663L, -678857370L, 1647509744L, -1709767661L, 
-2060318287L, 2136851552L, 568922622L, 1596962185L, -1059753285L, 
-680862070L, -800712340L, 218390255L, 339110181L, -1360820260L, 
-94935630L, 946271405L, 1074091111L, 799271822L, 852962408L, 
1043335275L, 1868435977L, 1766677656L, 1972916166L, -988536031L, 
-387027021L, -1213937886L, -974776044L, 1869183383L, -2047825523L, 
2147430564L, 457796234L, -1666555659L, -2061891761L, -1140129706L, 
2040441600L, -1170563517L, -590846495L, -2065469104L, -1281218642L, 
987520345L, 188181355L, 1527212762L, 1628572572L, -594356321L, 
2087181813L, 1305079948L, 96956770L, -1138070211L, 1285594551L, 
448064094L, -1951204456L, -1838034181L, -295134567L, 1761272616L, 
-985230890L, -1703461295L, -335725309L, -195727214L, 198034980L, 
2079185127L, 1388145981L, -1059108428L, 403314202L, 1072059749L, 
725605375L, -372950394L, 1083877904L, -1307414349L, -1726518447L, 
1087997696L, 501499358L, 2056400425L, -466418213L, 1456179946L, 
1364232332L, 383924175L, -25792635L, -1434108868L, -486478574L, 
-1864226291L, -1828601529L, -1465973970L, -419537272L, -475818101L, 
-1220282519L, 1437329720L, -864144410L, 1695941505L, 529447699L, 
-835124030L, -1503420556L, 12354423L, 2003743853L, 1353558788L, 
567382570L, 353173397L, -1118460881L, 962846006L, 477980000L, 
420635555L, 1960207553L, -694524752L, 1865597902L, 329529L, -359737525L, 
444384506L, 166919676L, 1980730943L, 674272021L, -36310996L, 
-1835339518L, 1526643165L, -1988376361L, -1374997570L, 944887288L, 
710078939L, 1797300281L, 1225095560L, -876243658L, -1279750287L, 
1474698659L, -761470734L, 1570110532L, -2022357241L, 1991272157L, 
1437059028L, 1039521530L, -584152507L, 1439165087L, 2100283430L, 
473537712L, 1831996755L, -1397409679L, 538420640L, 1623152958L, 
1155418185L, 486849787L, 490984650L, 42060332L, -26751441L, -84357403L, 
248759196L, -1222326798L, -1503960979L, -2142508633L, 168909774L, 
1634705704L, 889045803L, -643899063L, -735619496L, -1619630330L, 
326599393L, -1549539725L, -1850200350L, -1817808300L, 1058806615L, 
782212941L, 535888612L, -2031621430L, -502684875L, -47519345L, 
-2061173098L, 1628200512L, -83491069L, -1777123551L, -28342256L, 
458133486L, 1640247193L, 197236779L, 685686042L, -482045988L, 
-1040723489L, -1631668811L, 755479372L, 1987891618L, 327614717L, 
816213495L, 492591902L, 1165731288L, -2008096965L, 999528665L, 
115717224L, -2130155114L, 1817721105L, -538002749L, 1062752978L, 
-1278315676L, -1861477070L, 1638502000L, 473728836L, -2059187240L, 
-1111355526L, 548258864L, -935977028L, 1725848148L, 50221122L, 
10294944L, -1321317700L, -1999927344L, 494856546L, -300692760L, 
-1022487348L, -1598584324L, -1432292878L, 682561664L, 1090153972L, 
941263496L, 1749337914L, -13534896L, 325531756L, -312752748L, 
-1718670254L, -1028910624L, -117964596L, -982701408L, -830590590L, 
-258386712L, -1085261076L, 1716007228L, 1723952242L, -1609916816L, 
-475933148L, 998580280L, 261010714L, -1858342704L, -1571951300L, 
-1664856172L, 1700542338L, 1070231488L, 1502228028L, 1785291152L, 
-1754725342L, -965205752L, 1186358412L, -738274532L, -1521905518L, 
1982087552L, -2144224236L, -1130203352L, 1587101242L, 2065654224L, 
-458055316L, -1934250060L, 1339962898L, -813067296L, 2137658828L, 
-1323252512L, 52316194L, -33386712L, 1195279884L, 226773820L, 
-607675406L, 552375024L, -549420476L, -553867688L, -164171974L, 
-387748880L, 1493917372L, 440556820L, -31342398L, 445531232L, 
1989726588L, 903237584L, -1814615774L, 575839912L, -472935540L, 
-1913383748L, 1568499506L, -1437945280L, 255298740L, 646456392L, 
2053652922L, -1786876400L, 208898284L, 1426379092L, 1165192978L, 
-1760758368L, -1305441588L, 368272992L, -714473534L, -2039702744L, 
-1501616724L, 346437948L, -1264347278L, 2059073840L, 274476836L, 
-951452360L, 293190362L, 44656528L, 158958332L, -1947398252L, 
1107998786L, 692321536L, 719598652L, 2021795152L, -1018738526L, 
-568191160L, 1259605772L, -24114468L, -1155904686L, -732241280L, 
330942548L, -1576967192L, -1693903110L, 1244868944L, -938251476L, 
190529396L, -2142217326L, 1235058272L, -1672028276L, 841720672L, 
-292093982L, -986529880L, -190266164L, -1715094020L, 558220210L, 
25260528L, -840265276L, -1197768360L, 89634170L, -1804725840L, 
1415307196L, -12390316L, -617630782L, -1165861856L, 175176892L, 
-1282756016L, 879753186L, 463752808L, 547486284L, -178319108L, 
-1119322126L, -1976830720L, 1440493428L, -340770808L, 2138734010L, 
118638032L, -1481139220L, -850608236L, -199519278L, 315533152L, 
1816837452L, -1783775968L, 598205314L, -428772632L, -1192295188L, 
1592320572L, 471483250L, 1127078512L, 795734052L, 736051000L, 
920560794L, -1233560880L, 1447528636L, 784545428L, 1389497986L, 
-920822592L, 329707836L, -1124308848L, -644701662L, -1799299576L, 
1170069772L, -1637627236L, 11183634L, -218561152L, 2145646100L, 
127823400L, -716884678L, -1961396272L, -955620756L, 607055668L, 
-1622680942L, -1115006624L, 1604880716L, -417783840L, -1250232414L, 
328511400L, -124329076L, -1871702340L, -455165070L, 850204912L, 
-2081648572L, -1651147432L, 992838714L, -2138719376L, -2114966468L, 
1360773908L, -667016766L, 1412497632L, 707544956L, 1094121168L, 
-2039150942L, 722308136L, 1285853452L, -803034180L, 531250482L, 
-2022148160L, -1129582028L, 585890760L, -140897094L, -610353264L, 
1279258092L, -2068123564L, 1707560594L, -1263627488L, 1827431884L, 
1377811424L, 690232002L, -1891333592L, -1012095316L, -1091999044L, 
-399193614L, -1566025424L, -467403612L, 21786925L, 518423255L, 
-2018727136L, -173683586L, 32420427L, 1076822093L, 537927290L, 
1420150456L, -887733151L, 299656723L, 1021684788L, -1237478846L, 
-1143998889L, -1952936543L, 812215910L, -1812652444L, 1983274389L, 
1264963263L, -1928399272L, 1066246774L, -1689071997L, -61189435L, 
-1812791326L, -1809651120L, 498839417L, -1453222741L, 693320732L, 
-2142348470L, 1264819007L, -1727597175L, 2000661918L, 839132236L, 
-860223971L, -1868887129L, 632196816L, 332365934L, -1195718885L, 
-1907349379L, 1196365418L, -1185302776L, -1578596431L, 1666142243L, 
-631819996L, 750454226L, 1202853415L, -2032066447L, -559118666L, 
-1892066732L, 1263056613L, 332985071L, 1792957992L, -1628169594L, 
-672914253L, 690563605L, 1587723378L, -2048730944L, -178713303L, 
-2139376741L, -681057172L, -1238849414L, -506842705L, -782604103L, 
-1951204658L, 139868188L, 246545293L, 573122039L, 1072552192L, 
-594757794L, 1520349227L, -448827603L, -900729958L, 1613853016L, 
888087745L, 645129075L, -264396652L, 1207780642L, 740791351L, 
2037533953L, 1299525638L, -1172421052L, -72949899L, -162753825L, 
-1223684552L, 1277505046L, -1558781405L, -441389595L, -2089606142L, 
2132428400L, -1020001255L, -335698421L, 152212732L, 1611454762L, 
900579167L, -1476469015L, 706362878L, 910856684L, 1229887805L, 
260933895L, -1759889168L, -1379195762L, -2114085189L, 527838877L, 
-606004662L, -150325144L, -1577473967L, 1245010755L, -514126268L, 
556674290L, 1319962823L, -1366513007L, -1955089386L, -1467548044L, 
761563397L, -1939224753L, -1793150648L, -1261986586L, 358240787L, 
504161653L, 1478236498L, 1776398752L, 237095049L, 520773819L, 
1731312396L, 664717978L, 1967112207L, -605748135L, 245221614L, 
-2117923972L, -1284909075L, 1823715479L, 1379679072L, -1724548290L, 
-899369973L, -1813007219L, -266271302L, -777720840L, 460384161L, 
-1673633453L, -2110308236L, -544484862L, -2110321513L, 426413665L, 
-957319514L, -874086748L, 1999575893L, -656132097L, -1399748968L, 
